RLCraft_DecentCaveSpider,8581,8581,8039,8039
RLCraft_UndergroundRuin3,8579,8587,8036,8044
P_SmallShip,8392,8398,8093,8113
StoneMazeFountain,8505,8513,8177,8185
StoneMazeFountain,8502,8510,8150,8158
StoneMazePath,8499,8501,8153,8155
StoneMazePath,8493,8495,8162,8164
StoneMazePath,8496,8498,8153,8155
StoneMazeStudy,8505,8513,8162,8176
StoneMazePath,8496,8498,8156,8158
StoneMazePath,8514,8516,8180,8182
StoneMazePathBig,8517,8525,8177,8185
StoneMazePath,8526,8528,8165,8167
StoneMazePathBig,8511,8519,8150,8158
StoneMazePath,8514,8516,8177,8179
StoneMazePath,8514,8516,8159,8161
StoneMazePath,8514,8516,8174,8176
StoneMazePath,8511,8513,8168,8170
StoneMazeEndChest,8496,8498,8150,8152
StoneMazePathBig,8514,8522,8165,8173
StoneMazePath,8496,8498,8162,8164
StoneMazeEndChest,8514,8516,8183,8185
StoneMazePath,8496,8498,8165,8167
StoneMazePath,8520,8522,8174,8176
StoneMazePath,8517,8519,8162,8164
StoneMazePath,8496,8498,8168,8170
StoneMazePath,8517,8519,8159,8161
StoneMazePath,8499,8501,8168,8170
StoneMazeEndChest,8517,8519,8174,8176
StoneMazeEndChest,8499,8501,8171,8173
StoneMazePath,8496,8498,8171,8173
StoneMazePath,8526,8528,8168,8170
StoneMazePath,8520,8522,8162,8164
StoneMazePath,8496,8498,8159,8161
StoneMazePathBig,8493,8501,8174,8182
StoneMazePath,8523,8525,8168,8170
StoneMazePath,8514,8516,8162,8164
StoneMazePath,8493,8495,8153,8155
StoneMazePath,8493,8495,8156,8158
StoneMazePath,8526,8528,8171,8173
StoneMazePath,8493,8495,8159,8161
StoneMazePath,8523,8525,8171,8173
StoneMazePath,8493,8495,8171,8173
StoneMazeEndChest,8523,8525,8174,8176
StoneMazePath,8520,8522,8159,8161
StoneMazePath,8520,8522,8156,8158
StoneMazePath,8502,8504,8177,8179
StoneMazePath,8520,8522,8153,8155
StoneMazePath,8502,8504,8174,8176
StoneMazePath,8502,8504,8171,8173
StoneMazePath,8502,8504,8168,8170
StoneMazePath,8523,8525,8159,8161
StoneMazePath,8523,8525,8156,8158
StoneMazePath,8502,8504,8165,8167
StoneMazeEndChest,8526,8528,8159,8161
StoneMazePath,8523,8525,8162,8164
StoneMazeEndChest,8526,8528,8156,8158
StoneMazePath,8526,8528,8162,8164
StoneMazeEndChest,8520,8522,8150,8152
StoneMazeEndChest,8523,8525,8165,8167
StoneMaze,8493,8528,8150,8185
